-1.309206426036980702e+02
-5.725455689833938777e+01
-9.442542025868237943e+01
-9.927690088026520243e+01
-3.701549103095794635e+01
3.674264278412192652e+01
-8.008228016162291851e+01
-1.203510074767846163e+02
-9.550652735405287785e+01
3.085422145600387012e+01
-6.471020927282847879e+01
-6.332565102570379167e+01
2.587817547353370173e+01
-1.273328248001234897e+01
-3.426186390837528961e+01
-6.419260072150837004e+01
-1.137833355332259089e+02
-1.250166510022290822e+02
8.184208333504102484e+00
-2.398349264981698070e+01
1.559576658444166242e+01
-5.046847620394828482e+01
-1.256504544419972262e+02
-6.889820541129847697e+01
-6.919700929028488190e+01
-3.140644728975530597e+01
-1.170418294538030750e+02
-4.070815785132708697e+01
-7.428675239623657944e+01
-2.526550953444166225e+01
-6.358905490979554997e+01
-9.833965243897978326e+01
-1.009408874537598422e+02
-2.420531939481406880e+01
-1.669047406515073817e+01
-8.092167967897844960e+01
-4.714440230716218139e+01
-5.158384011892712806e+01
-6.870237879285332383e+01
-3.224178169270589933e+01
-4.442824622947227908e+00
6.725607149315328570e+01
-6.335340858245376694e+01
1.219789818490326070e+02
9.056657842203458131e+01
1.422602354086884588e+02
3.925743930854196151e+00
1.553004896301154076e+02
4.389690136318813529e+01
1.290805558213933182e+02
1.244516571954500250e+02
8.121700240508289426e-01
-1.220222459276806148e+01
4.843479556352986037e+01
5.022910156792931957e+00
1.351718331295069220e+02
2.093249799463774252e+01
-6.189476288601440501e+00
-6.169215413941037696e+01
1.036047478381287874e+02
5.051808273033793739e+01
1.533930206313516464e+01
-5.865184510308881727e+01
9.215451584178299527e+01
5.359589688003006813e+01
-1.279874620066743773e+01
3.868090017292570337e+01
-1.950127239537710011e+01
4.304679258766145722e+01
1.302147754528805308e+02
8.813270183742497466e+01
8.707265851054580708e+01
1.916656096471069759e+01
1.216418741723828134e+02
6.332697125570575736e+00
1.592625178323160071e+02
8.456755642272219120e+01
1.354186954635224538e+02
9.338083041243044136e+01
1.803184529796908464e+02
3.934437610593431600e+01
-7.521797864764153019e+00
5.782463583214484970e+01
9.080705762932211655e+00
1.906064220399966871e+02
3.986302581988275051e+02
3.539014224958591512e+02
2.777647190673378645e+02
2.882676917595235864e+02
2.544037985265822499e+02
2.582406999968297896e+02
2.806194460460319533e+02
2.562638888646033593e+02
2.913490945363882929e+02
2.915680005883477861e+02
2.386464694837341085e+02
1.205728609762027190e+02
1.780510590506710287e+02
1.892201456171169411e+02
2.825383332837518537e+02
2.607390444309130544e+02
1.323017130156440544e+02
1.694486392873477598e+01
3.842019555950219001e+01
6.731514512054354782e+01
8.514061937164660776e+01
-2.216096169972661301e+01
-2.467148575606188388e+00
-2.358884353590656247e+01
-2.762377532145364967e+01
-1.813777183401543880e+01
-1.286125630907845334e+02
-1.260931792315677740e+02
-4.514623901881714119e+01
-2.065480949177799630e+01
-2.916549703470445820e+01
-4.143730919719018857e+01
-3.588500163069147675e+01
3.217590588364009818e+01
-7.135097397336357972e+01
2.096579762165220018e+01
1.548385603051647195e+02
2.963424811538516224e+01
7.481908853203685794e+01
1.675257046878687106e+02
1.644293735222163377e+02
1.088291187419508788e+02
3.622598241824962315e+02
4.728977907358566881e+02
4.335327636606980377e+02
3.012231819749767965e+02
3.633205206462625938e+02
4.112805270091339480e+02
2.956519661728489154e+02
2.537371532403240053e+02
3.406725283754567499e+02
2.821239783676874140e+02
1.809508883425762633e+02
2.844068587723722885e+02
2.111464898910849115e+02
-3.793128290390086477e-01
1.214033462823010723e+02
1.199184669404628494e+02
1.765429722133362702e+02
1.235295218931569252e+02
4.457116787336235575e+01
3.994002490636557923e+01
3.320004926843284920e+01
4.551206873910814465e+01
1.607575168813891082e+02
4.257810893746136571e+01
1.106166532982624631e+02
1.335311719557864762e+02
2.385305645672433457e+02
1.738009824379474821e+02
1.392284056833949535e+02
5.400155477578118735e+01
2.790982899797645587e+02
1.765744535071607970e+02
1.887445302492837982e+02
7.316062392114781687e+01
1.324839202358643888e+02
1.725524292168856846e+02
1.396109208780350173e+02
2.367300765174782100e+02
1.197519360041121672e+02
1.473591199000423444e+02
1.087321900397951140e+02
2.353515399645830257e+02
1.122379532706295322e+02
1.681492632094341388e+01
4.823507526786488597e+01
1.208775832068013187e+02
1.358266616478258868e+02
5.742716953026729243e+01
1.129800398532279360e+02
3.705863600442717143e+01
1.686941424333429040e+02
1.635799182535538421e+01
9.069839550802544181e+01
1.019228476015698561e+02
1.874160434838536275e+02
8.760530046096801016e+01
1.441141283183066548e+02
4.905101040623685549e+01
9.069988299673786969e+01
7.059523097015835447e+01
7.133943108890707663e+01
4.398908130946529127e+01
7.527044806035519287e+01
-1.909396272213507473e+01
8.229322784991290973e+01
-1.803055353575473418e+01
-4.765349567021075927e+00
-4.824073809527544654e+01
-1.828032142157553608e+01
-3.681700508549147344e+01
3.035893675985698792e+01
-8.765502200286755397e+01
-8.542679396192761487e+01
-4.783678223807146423e+01
-1.221767803304373956e+01
-2.901334881408365618e+01
8.337302436559184571e+00
-5.923593412125410396e+01
9.328428194604248347e+01
1.939979096110619139e+00
2.147032525344638998e+01
1.286768219990517537e+01
8.750062532935271520e+01
1.192842148474876467e+02
1.700613939752493025e+02
1.395054304894135839e+02
1.003660219103351210e+02
1.796179139389482771e+02
1.096293017459086627e+02
2.073274345294630621e+02
1.015402652678959612e+02
1.985883367060514502e+02
2.495435741676619728e+02
3.282282829847226822e+02
1.769064791592627444e+02
1.361807711760592383e+02
1.862324650050136370e+02
2.315439350139467933e+02
3.152718326767389954e+02
1.892228687469778379e+02
1.659126808210648960e+02
1.975575351024308475e+02
1.113672946656583918e+02
1.637222908436515354e+02
1.646700324368052861e+02
1.390006562013169287e+02
1.003635300064614739e+02
1.937580147034277616e+02
1.951501514301958196e+02
1.008213814209934753e+02
3.072623548299725371e+01
9.485097391406293355e+01
2.206411966685218431e+02
1.419704476911356323e+02
2.166277531180676306e+02
1.591708549555933132e+02
2.240345354416249393e+02
1.569704507608466884e+02
2.864909927728658658e+02
1.960416031802110410e+02
2.459094281601737748e+02
1.748237860310296128e+02
4.083745600901966100e+02
2.615869287605564750e+02
2.902138169013724109e+02
2.418793322193660060e+02
1.431325345268983256e+02
2.388003898830102116e+02
2.141313522378613925e+02
2.034103005237393518e+02
2.660836394169309642e+02
3.593212671687451802e+02
1.765239780781867012e+02
2.205498365737294080e+02
2.053649007275971599e+02
1.761814252772564942e+02
1.997236422132364169e+02
3.252814349869204307e+02
1.962382521251101934e+02
2.078489165023729583e+02
2.518506182959590660e+02
1.884306532281671025e+02
1.894278856483351774e+02
2.671341346731169324e+02
2.036203127428343578e+02
1.520784463670288460e+02
2.162297898852530125e+02
1.736616520263278289e+02
4.833723583039795813e+01
1.128102316529277687e+02
1.051119262025526950e+02
7.724399542406641217e+01
6.409164400004112849e+01
1.012219135274569908e+02
7.770335482266742133e+01
7.180062383419550542e+01
1.181723236689276746e+01
8.884281392185584991e+00
-3.674248394244204974e+01
-5.728314816977945156e+01
3.753908368642396454e+01
-2.866947391968824377e+01
2.652524701366655790e+01
1.652713800736319172e+01
-7.836361309224048455e+01
-5.912046419918442552e+01
2.752210171401611660e+01
4.336465311536812806e+00
8.961220386723834963e+01
7.883789855965278548e+01
1.143591925213167997e+02
9.393206931568192886e+01
1.156379603986542861e+02
1.237558181778449580e+02
1.531950260826179147e+02
9.223629865649900239e+01
1.528550661500321439e+02
8.206102644846851035e+01
1.208137468306317714e+02
5.219563828860373178e+01
3.906761331330926623e+01
8.734223311361256492e+01
1.447608137190200068e+02
3.584421718190060346e+01
2.766551482949580532e+01
1.516740572348135174e+01
9.496329577512051401e+01
4.836939975022687577e+00
7.409003148891133606e+01
2.694208243918183143e+01
2.808097611057382892e+01
-9.096975163654860808e+00
1.280005247341732684e+02
1.471635759174023406e+01
-2.778071554400230525e+01
3.742857238596479874e+01
6.236637809095554985e+01
8.523139459582125710e+01
1.448815336155457771e+02
7.759503584752201277e+01
5.341063059532825719e+01
9.305452261430536964e+01
9.895080194484921776e+01
9.244350890640771468e+01
1.274493702550316812e+02
1.338433205153241943e+02
1.683050920005625812e+02
9.698350853288775397e+01
7.452879053332799231e+01
7.625719916293564893e+01
1.092808872797594404e+02
9.235165942349294710e+01
3.042766779122712251e+01
3.692611684401822458e+01
8.558012015582502841e+01
6.404950894573130427e+01
-3.470976826187143160e+01
3.973932253921884694e+01
5.529208153752279031e+00
1.303403126772036558e+01
5.006423785640959068e+01
8.722591647369864631e+01
4.747752686473245376e+01
1.313941463740047766e+01
9.703964732561257733e+01
1.681315619307924862e+02
8.593731577934346433e+01
6.163070431186451970e+01
1.293051186077418606e+02
1.398251575441709065e+02
2.431887723981817544e+02
1.859228271243723611e+02
1.081458914194963654e+02
1.065289177713954132e+02
2.168969190697926024e+02
1.788770173443863314e+02
3.346076330329215125e+02
1.794872439710452454e+02
2.342022329462652124e+02
2.335262521875683888e+02
2.832645442299526621e+02
2.112122127526545228e+02
2.440208379115956632e+02
1.425354403468902547e+02
2.204587850506022733e+02
2.640652426779906818e+02
1.211124206610317060e+02
1.311926934877733402e+02
8.545333355102894757e+01
9.680809026095585068e+01
1.707747366319808862e+02
8.443236896611790598e+01
-8.844226809260180744e+01
-1.731895649656089518e+02
-3.068143382045059298e+01
-2.071732406471001013e+02
-8.614515470678452402e+01
-1.596958820050895156e+02
-1.313821816388617663e+02
-2.185024490916675859e+02
-2.238504557892565572e+01
-9.688553945108105836e+01
-1.521805510517160656e+02
-1.420145802875349546e+02
-1.508998871728936138e+02
-1.048751039295302689e+01
-9.384130160644690477e+01
-3.234639126394790765e+01
5.073002097457174386e+01
8.061020332098996732e+01
1.729521410607674170e+00
4.881734221243686989e+01
4.999519848881686812e+01
7.143208506269684221e+01
9.575064168768676609e+01
9.333204936963966247e+01
1.035176870146806323e+02
8.065273803711170331e+01
6.607627400424803454e+00
8.921257838928886486e+01
5.940992966890325988e+01
3.182920717063939264e+01
3.370876148005982031e+01
3.218440053332471962e+01
-9.198098142989465487e+00
-7.193586855028843274e+01
1.737695094265416174e+01
-3.600270313103919761e+01
-3.958299233108255066e+01
-1.297731309575215164e+01
-4.018420752263182294e+01
-3.329714525085114474e+01
-5.704626022574166200e+01
-4.964357031524059494e+01
-1.369983335903752959e+02
-5.906365117092013861e+01
-3.265196098787055234e+01
-6.307489865571824339e+01
-3.549124179291106884e+01
-9.932856425047430093e+01
-7.659892107909035985e+01
1.455753992972029209e+01
-7.650269150996655299e+01
-4.896217021364918764e+01
-7.708312002003867747e+01
-4.057218423081008041e+01
-4.718328982130833538e+01
-5.623813560846474502e+01
-1.260153353447088875e+01
-5.291748095074376579e+01
-1.337454389756226192e+01
1.548406155830889475e+02
9.907773793700744136e+01
8.721293929239118370e+01
8.374074336862213386e+01
7.383022072145649872e+01
2.440379467396687687e+02
2.243837935347610255e+02
2.303434726156556280e+02
2.730111762374253885e+02
3.018241102268639224e+02
4.001367299340909085e+02
3.337591905155222776e+02
2.355462822987092295e+02
3.903158755885469873e+02
4.430302993628756667e+02
4.636751403961134201e+02
3.895052165100860293e+02
4.173224763904017891e+02
2.880282154340347915e+02
3.146779228350114863e+02
3.802664151003682491e+02
3.285071536694013048e+02
1.058352501956269407e+02
2.667771952111634164e+02
1.716379406534524605e+02
-4.699101325195135814e+01
-6.395592578558074592e+01
-1.365684950898448733e+02
-1.469000214369125388e+02
-1.447874153936636503e+02
-1.758392461958910644e+02
-2.522858975652970912e+02
-1.382944363767642244e+02
-2.657120122775149866e+02
-2.820267053838824722e+02
-8.369606578271253738e+01
-1.521071136360978926e+02
-2.141036015792624312e+02
-2.433132719178620391e+02
-4.716649187066889226e+01
-2.294274931687123171e+02
-5.406770178800218218e+01
-2.022902168484033609e+02
-7.539616475379517624e+01
-1.394996217195530335e+02
4.701508065816051385e+01
-3.507507800156031408e+01
-8.131272213351752498e+01
-1.020591821089960831e+02
3.111951833480907226e+01
-3.253089822629590344e+00
-7.097799781300869881e+01
4.946250116095143312e+00
-5.995453362558208710e+01
-4.466165431926935980e+01
5.816035296127301990e+01
-2.728426463992354911e+01
-8.060674940531157517e+01
-6.792366464936515058e+01
2.918236170764521376e+01
5.468174165525852004e+00
-9.401347539471123582e+01
-1.276663207933261219e+02
-5.719278408956262183e+01
1.502004030656280520e+00
-9.934869049367955540e+01
-3.447311683709381214e+01
-6.459162802242190082e+01
-2.437237207467751432e+01
-6.307458837298099752e+01
-8.408669637722050538e+01
-5.190236199754931334e+01
-1.878922802865017729e+02
-1.440874433212429722e+02
-5.676134289371964314e+01
-4.632222693904816424e+01
-1.721707403256696125e+02
-1.452095829380668874e+02
-1.175774522315423383e+02
-1.059206859320529475e+02
-2.045399187435577915e+02
-1.455412252757414535e+02
-2.018841344873835624e+02
-1.324472227622591163e+02
-8.535759057877930900e+01
-3.010531270213732569e+01
-9.848244411907035101e+01
-1.333905559455452021e+02
1.026765411187079735e+01
-8.679795427088720317e+00
6.184026429553705384e+01
-2.070601586781776859e+00
7.108256502715812530e+01
1.196476644469548773e+02
1.078412479322068975e+02
9.357994397721631685e+01
1.924782996917383571e+01
4.885986080189468339e+01
1.195147032730856154e+02
2.221083144461226766e+02
4.097803661470607040e+01
1.609747685041511431e+02
1.243913205336903047e+02
1.325619400942996435e+02
1.047927641387177573e+02
1.452804557112394832e+02
1.228369358471973101e+02
2.127699029140567291e+02
1.647035015930014197e+02
1.597793590998662694e+00
1.053063916405208147e+02
6.610573217341334384e+01
-6.248498278731858591e+00
1.034130719513414078e+02
2.333887131668998336e+02
8.383562313761467522e+01
1.674859261982892349e+02
1.263847394346776127e+02
9.207003819492456387e+01
8.119920266063127201e+01
2.298887319721907261e+02
2.125938841907227470e+02
1.825305425118785934e+02
1.177381503565375169e+02
1.620496030710055493e+02
1.531693134982706397e+02
7.842227499354885367e+01
1.010347379030336015e+02
6.955703124075625965e+00
5.967699324084787804e+01
1.036249967709518387e+02
5.648682158186420565e+01
-2.238875909011130716e+01
-1.577459785394721621e+02
-7.354811778318935467e+01
3.141414832128884882e+01
-4.134469286716512215e+01
-1.824769195010485419e+02
-1.781913678975615767e+02
-1.779086133446326130e+02
-1.804217637478923280e+02
-1.117363406401664179e+02
-1.978772835588752059e+02
-2.579852012700866908e+02
-1.841334228458108555e+02
-1.780512369610260066e+02
-2.095504680592912337e+02
-1.702377555778202805e+02
-2.950024142768270394e+02
-2.381940757060947362e+02
-7.316510708787734529e+01
-1.932775394164000318e+02
-3.362723635488873697e+02
-2.606310402495582821e+02
-2.039321584401077416e+02
-1.511007472374494682e+02
-2.440412808790333656e+02
-1.980703138998705981e+02
-2.272323213562722231e+02
-1.598277209114767174e+02
-2.236664211847837578e+02
-7.360042579398623275e+01
-1.517999528324999119e+02
-2.047158470294416475e+02
-1.378533383737790246e+02
-9.350136284010079635e+01
-1.562261719200141670e+02
-1.373867982831720838e+02
-1.840379278202963178e+02
-1.186113707512415658e+02
-1.536662150123356696e+02
-1.977510781442797452e+02
-1.911505546726302782e+02
-1.608312205574948166e+02
-1.611944287061633077e+02
-1.027241284278724152e+02
-1.721856497171129377e+02
-1.420910807119194033e+02
-1.400816473474733357e+02
-1.811622096760747809e+02
-1.158202103734624870e+02
-1.728740881212679597e+02
-1.003295396951955354e+02
-9.141712351009749682e+01
-9.532863995223593179e+01
-1.035581999297451148e+02
-1.314016433164715636e+02
-1.726429713666220778e+01
-8.612138813327669595e+01
4.427640729464656033e+00
-5.462905225126723963e+01
6.189630668846984918e+01
-9.570174456155669418e+01
1.938352737604891445e+02
2.221966576098493533e+02
2.457791253737177612e+02
2.179565171552785614e+02
2.505034956242488988e+02
2.715913342037456459e+02
2.882255714433667890e+02
2.779410158910504833e+02
2.260117920065004000e+02
2.841535087889824354e+02
3.023304442119369924e+02
2.522657136911620910e+02
3.127881267296688748e+02
3.011000814494836959e+02
2.720411257227460737e+02
2.353451739325628296e+02
2.918958987513433385e+02
3.520620486314765003e+02
3.392326247007586062e+02
3.366702624498866498e+02
2.979687673802036443e+02
3.425076617732374871e+02
3.275727359419688582e+02
3.304037137830309803e+02
3.682471180725078739e+02
3.652572994335314434e+02
3.137716744153331092e+02
3.245372669091266289e+02
4.278506721422272676e+02
2.564738661989576940e+02
2.288423837349273526e+02
2.889486713061232876e+02
3.111415345465029532e+02
2.615478614406347333e+02
2.306178781362959853e+02
1.387551183146952098e+02
9.658999985122500220e+01
1.737056330871091632e+02
1.349983314774126484e+02
4.491427376214960532e+01
4.352805514946157928e+01
-8.384070929743120359e+01
4.866896623024740620e+01
-6.883525976666578572e+01
-8.045291663478292321e+01
-8.870522434964505010e+01
-2.174605377363644720e+01
-1.528619141211656824e+02
-9.424692927037358459e+01
-1.212804047377339884e+02
-1.374130298643030983e+02
-1.756544591736110306e+02
-9.924081005457674109e+01
-9.253461806728728334e+01
-6.236789185600514429e+01
-1.753307665757592986e+02
-1.659066371099233947e+02
-1.139583044720543512e+02
-1.574958326902806220e+02
-1.573280749534660572e+02
-1.259895633998421545e+02
-7.394521788947849927e+01
-1.216460400796649992e+02
-6.747118057940815561e+01
-1.038603108054144286e+02
-5.005080861753503996e+01
-1.240451041392880143e+02
-1.216661508840388706e+02
-8.641373786799431400e+01
-1.009438337466240228e+02
-1.111548861452920391e+02
-1.412977647026054910e+02
-1.218025839578194791e+02
-1.014336159039689846e+02
-1.064625681304278260e+02
-1.826536943103483281e+02
-8.749038745488542190e+01
-1.414272205585421034e+02
-1.033958359571943220e+02
-1.036199079181064917e+02
-4.510918414989782832e+01
-1.065915738432777289e+02
-2.556091630976084161e+01
-1.826234023285132935e+02
