0.000000000000000000e+00
2.850939013792867627e+01
2.947814765667953907e+01
3.064431236654081658e+01
2.906581903254300414e+01
2.950222133010083780e+01
2.893134233884666173e+01
2.942827218591673955e+01
2.863348949474766414e+01
2.745395831045607338e+01
3.042606911031680283e+01
2.902528539924242068e+01
2.952792626804239262e+01
3.062976982994132413e+01
3.130647348546131070e+01
3.032651329935674767e+01
2.965302896057210091e+01
2.727327489525850979e+01
2.779366963784832478e+01
3.016453105270147717e+01
3.521803692510002293e+01
3.924850951859116321e+01
4.231084184182691388e+01
3.612513938519979462e+01
3.434152482036625287e+01
3.328881270496856359e+01
3.272516036701367170e+01
3.414187489105041351e+01
3.405411490750358894e+01
3.375858021401127473e+01
3.751960747916035643e+01
4.043774728995052214e+01
4.127752050290160923e+01
3.872661784541142538e+01
3.945752869866970514e+01
3.858043576781247452e+01
3.510328561141911052e+01
3.411096301504900197e+01
3.581888663623497138e+01
3.748301019919340860e+01
3.824978786868362590e+01
3.820955722953029010e+01
4.005249420241673874e+01
4.152694316101494110e+01
4.357695334276633048e+01
3.973054311892910562e+01
3.962084037723750640e+01
3.916267923076877366e+01
3.898024042949845835e+01
3.869752762589575923e+01
3.832786914150096891e+01
3.864540627894508873e+01
3.909240420715377695e+01
3.993821073724761561e+01
3.978207961191995423e+01
3.883173976723724508e+01
3.974088212276825516e+01
3.988672208428462085e+01
3.943472747037851889e+01
3.955014641135893072e+01
3.884886158067344297e+01
3.968112779035467241e+01
3.974183109962104510e+01
4.003521774450538828e+01
3.967972345681138080e+01
4.107815001786127596e+01
4.283808126710192710e+01
4.119779583219282415e+01
4.284641631902697156e+01
4.515069776888442732e+01
4.459930386974920680e+01
4.247309827478025568e+01
4.140103145530754603e+01
4.212181165652526715e+01
4.185814171727887611e+01
4.250329642236602012e+01
4.371244648028464752e+01
4.520850924090881051e+01
4.745183173699692247e+01
4.583557224845240796e+01
4.864107369331279074e+01
4.888031430547090395e+01
4.656098584559006781e+01
5.028841110177285145e+01
5.430701601022326486e+01
5.358959868551107775e+01
4.823592991191767965e+01
4.531256779165806847e+01
4.692862031542864543e+01
4.609895271793311622e+01
4.819913268992883104e+01
4.534816784645948928e+01
4.504809770287090487e+01
4.745730369874371490e+01
3.955436721883160089e+01
3.714306343569342062e+01
3.899613958201086916e+01
3.776441355878210970e+01
3.808855092090072958e+01
3.901859729780693442e+01
4.120485343854150528e+01
4.475892233762567685e+01
4.295627018816547604e+01
4.236699666761353456e+01
3.963480525639840835e+01
3.682696796616409074e+01
3.863114595794257866e+01
3.821120814508390140e+01
4.207893516632380937e+01
4.327105388486121740e+01
4.212595564574370144e+01
4.379042426523849940e+01
3.999195411139610457e+01
3.704012685594852883e+01
3.563027774710258200e+01
3.510485012413317918e+01
3.609935460234964921e+01
3.825247907629658073e+01
4.241996681463038499e+01
3.900782088705838646e+01
4.515181516584186738e+01
3.966906395577965583e+01
3.871279201452688312e+01
4.289448678753669242e+01
3.826886790627771973e+01
3.771170735829170440e+01
3.798701863234356324e+01
4.281300377877678187e+01
3.999753493969888041e+01
3.636904782637927269e+01
3.853631655372082321e+01
3.550594748564316205e+01
3.190039789249806290e+01
3.306211632823408308e+01
3.308476328272752198e+01
3.584329082718818427e+01
3.336567141493333111e+01
3.349574499783341253e+01
3.239833195455173609e+01
3.151265534134040536e+01
3.072740252821563445e+01
2.883561543428663754e+01
3.295444655158439673e+01
3.516425366886744541e+01
3.928008531222012323e+01
4.210809112623951478e+01
3.755579969566267096e+01
3.927772256287146035e+01
3.495042664066818361e+01
3.439206371698946896e+01
3.751196636466352174e+01
3.799498303125218968e+01
3.845970665382139941e+01
3.372406676026628247e+01
3.653146968403558503e+01
3.365168545945434175e+01
3.209634092751224443e+01
3.402089179313543355e+01
3.173405417406519291e+01
3.118523641181513995e+01
3.252867289873489653e+01
3.442049364599563432e+01
3.449033401084045636e+01
3.408272509837479447e+01
3.321264579628160618e+01
3.341022396495168323e+01
3.362900089428075034e+01
3.376890872103254537e+01
3.159764095208254275e+01
3.223502222320627197e+01
3.177638175569569512e+01
3.253476220383282680e+01
3.085626578026585776e+01
3.033570799712208554e+01
2.880305506570675789e+01
2.928478349312683804e+01
2.785957530313839925e+01
3.077763721318881096e+01
3.249438324438523296e+01
3.116367514153644436e+01
3.294714781102869949e+01
3.151018263869410418e+01
3.399116581774014634e+01
3.219920828932424683e+01
3.161936039861194558e+01
3.263897043585199498e+01
3.082682873018461578e+01
3.182158500929298839e+01
3.226419143798786138e+01
3.134767279524885453e+01
3.252796073687360945e+01
3.172100162976309434e+01
3.220447116311656544e+01
3.066813133156789206e+01
2.937196118106581366e+01
3.107426968025089309e+01
2.913025147063353870e+01
2.751671149060450716e+01
2.726189780700917709e+01
3.071909680329378034e+01
3.125456736292082383e+01
3.045212819765822587e+01
3.102283095732295237e+01
3.136539541209512549e+01
3.158220167091739938e+01
3.157998256933868220e+01
2.985824146906108467e+01
3.025745843095958776e+01
2.945693301170550171e+01
2.942646915387888384e+01
2.922893072779174872e+01
2.965032464229147990e+01
3.013336649199999329e+01
2.949782783425385446e+01
3.132787483199714984e+01
3.133408568821559470e+01
3.040133266166142789e+01
3.071452165698141812e+01
3.167155650314774107e+01
3.280749732201788049e+01
3.319505036971223433e+01
3.359746947807352058e+01
3.380384626892172406e+01
3.493045268779896873e+01
3.504209508031339482e+01
3.296411751926343925e+01
3.432123577040590590e+01
3.419871451975728860e+01
3.293795381556121527e+01
3.245628047857991305e+01
3.287316643454465748e+01
3.256516777811992824e+01
3.320759717026984958e+01
3.272387296106623467e+01
3.361036012557055130e+01
3.294606912768523443e+01
3.363329960938800411e+01
3.227467108252224648e+01
3.232019416077687879e+01
3.308738253761187309e+01
3.302230662630788061e+01
3.408868909353716248e+01
3.438526597903113213e+01
4.459929179418020340e+01
4.525993617564643046e+01
4.301995267695804159e+01
4.363195808173350088e+01
4.002849476063360612e+01
4.104811368893962253e+01
4.120759345649088345e+01
3.870164063294193113e+01
3.993676526487618617e+01
3.692287330413181223e+01
3.845356548836433319e+01
3.818794806397267649e+01
3.727829234676145376e+01
3.920008558499461060e+01
3.574043342686528035e+01
3.719848042532977672e+01
3.494000284142339297e+01
3.542767357244963478e+01
3.721025004564772587e+01
3.396896918479075111e+01
3.660562709168911510e+01
3.460948863867747605e+01
4.706536551792016354e+01
4.735901148820934736e+01
4.562217170706301772e+01
4.956207275091975362e+01
4.580799164120324463e+01
5.053402439762885479e+01
4.661990042653363986e+01
4.774169800696321886e+01
5.217684502766576315e+01
4.336867468587217900e+01
5.006039215005438336e+01
4.514898653504204162e+01
4.778657902305774030e+01
4.527944729434241822e+01
4.485577174132478717e+01
4.600762445820240032e+01
4.336229884518479594e+01
4.664595084436047046e+01
4.320739186260379938e+01
4.210001795884193143e+01
4.750846546919265734e+01
4.249428832958608382e+01
6.104296760751066131e+01
5.856065138981685436e+01
6.183056676990446476e+01
5.975655812254319699e+01
5.845481787601488577e+01
5.957079816566880481e+01
5.539973822343472420e+01
5.618350196418228393e+01
5.801585143999895422e+01
5.325551917033737936e+01
6.324856787522310242e+01
5.651739269921853293e+01
5.889493955951462567e+01
5.389748628474995940e+01
5.540825117939783695e+01
5.581156114173364813e+01
5.354508339159968955e+01
5.667556852034199721e+01
6.160348335217219073e+01
6.722603550409576201e+01
7.083573434101754174e+01
7.082791202374187378e+01
1.164354363210563861e+02
9.732212311676232730e+01
9.755214078729068206e+01
8.779659826057098826e+01
9.315181419500049742e+01
8.657110885215075768e+01
8.789832465657707417e+01
9.031132801154763001e+01
8.649512994111950093e+01
8.229916284676878035e+01
8.216063316251100446e+01
7.657283162066849513e+01
9.050358094804755638e+01
6.737993747252039611e+01
7.084425873599673196e+01
7.734406053635967737e+01
8.184476941440536280e+01
6.914878532756631557e+01
7.142430193646328007e+01
8.651550633560356118e+01
1.099133207265379042e+02
1.090673373438162344e+02
1.427399469916340422e+02
1.378149727389927648e+02
1.411610724612889953e+02
1.235778687968743270e+02
1.247463378742163513e+02
1.113417018169153039e+02
1.160255928811641866e+02
1.068208166667589296e+02
1.115286351422412281e+02
1.142550814277417999e+02
1.265584517293428917e+02
1.301754830347848610e+02
1.190073047859096960e+02
1.304835972518613971e+02
1.324247676005259109e+02
1.700651675980452637e+02
1.363325024662433407e+02
1.350620323305881811e+02
1.489916894641407907e+02
1.379032121239927164e+02
1.300299480800287029e+02
1.483987731740003255e+02
1.191717246974639579e+02
1.223583208256704893e+02
1.215498867563773047e+02
1.100561395830616220e+02
1.165790640160813609e+02
1.169269507701321800e+02
1.079247371964547710e+02
1.098767634626645986e+02
1.268807515544549176e+02
1.656615672118866769e+02
1.770098480857959657e+02
2.422509047442154042e+02
1.962823821750780553e+02
1.738029853643829483e+02
1.288681310941368281e+02
1.353829890627628743e+02
1.378095022548754969e+02
1.334929667730114602e+02
1.573223689198548527e+02
1.500815112681855226e+02
1.763827516937985820e+02
1.497389085004519984e+02
1.156981765571413234e+02
1.524815223839525515e+02
1.342716180497400273e+02
1.135875494697097565e+02
1.329811686051306765e+02
1.687680986890693475e+02
1.569823093198256174e+02
1.511257830288433297e+02
1.320754172028273672e+02
1.338486562155860042e+02
1.472430971837077323e+02
1.582253266513394010e+02
1.086685806490920640e+02
1.162502816043603389e+02
1.250576085862240916e+02
1.096442887759774294e+02
1.102428593812999225e+02
1.118042262990534255e+02
1.149877500638049241e+02
1.338530361585879689e+02
1.114513708013239466e+02
1.041322600650123604e+02
8.891963959752320079e+01
8.461639558116439730e+01
8.429866548471181886e+01
9.430593599466737942e+01
9.594897222231884371e+01
1.011372703851229744e+02
1.053053177633373707e+02
1.085115987985409447e+02
1.033727845901485125e+02
9.360317188142653322e+01
9.702412056918183225e+01
1.014652929942931223e+02
9.283410251494206022e+01
1.194775834752072114e+02
1.132506902616660227e+02
1.303447427611663443e+02
1.187386488882257254e+02
1.054370107444337918e+02
1.032920277918601641e+02
9.885319599274589564e+01
9.481508352543460205e+01
1.018121092698020220e+02
8.548617382933980480e+01
1.073695722252517157e+02
1.166692123859518802e+02
1.384352993271763808e+02
1.058330579559199123e+02
1.139808190640756038e+02
8.252764778120422307e+01
7.784099295486839765e+01
8.593699311791920081e+01
7.810933716992190057e+01
9.021130711499995414e+01
8.574229092330506319e+01
1.117806934507294017e+02
9.891382490886815049e+01
7.791254942816090079e+01
9.095225439895773434e+01
6.980324846497478575e+01
5.747685899541056642e+01
6.626871077779514962e+01
8.396599081353042493e+01
8.407421033573291425e+01
8.144836912017285613e+01
6.843740262386450013e+01
5.784180956585078093e+01
5.838483537264255574e+01
5.779742335835908307e+01
5.176896629496513924e+01
5.644946982034343819e+01
4.893194774400217284e+01
5.315335318801589892e+01
4.958309834638203029e+01
4.792587600537262915e+01
4.673710847374240984e+01
7.263200877222448071e+01
6.563840100103152508e+01
5.400555107986110670e+01
5.917558293493402743e+01
6.659000771680484831e+01
6.037196773707637476e+01
6.673628993798547526e+01
7.155221144806506572e+01
7.357955333450422586e+01
5.515459391563854297e+01
3.388676725808909396e+01
3.024457510972501950e+01
3.006418969062690394e+01
3.530571534842971460e+01
3.734708446770571300e+01
3.648960136168761892e+01
4.684562919191695585e+01
4.065002104899934920e+01
4.231035708493837433e+01
4.624985868066163164e+01
5.867315210010957571e+01
4.800043596655100231e+01
3.843704137678969346e+01
3.261409149471626279e+01
3.529912623773827818e+01
3.223889343200971780e+01
4.070726289771249640e+01
3.549150014082096050e+01
3.020755260484122573e+01
2.331614069753425156e+01
2.089088975938875592e+01
2.022810961115203554e+01
1.865254170141997747e+01
2.370481041763139274e+01
2.631467388405366137e+01
3.475242055062592073e+01
4.361588400355356043e+01
3.383808543451107198e+01
3.074316687669633552e+01
2.563744378269842628e+01
1.904325478335192656e+01
1.852081029762086928e+01
2.396116521991598347e+01
2.896847184415531729e+01
2.906210788166032444e+01
2.456832754665140328e+01
2.500766306016072349e+01
2.515918130892100635e+01
2.463686246698398463e+01
1.909173695415643124e+01
2.275314914134366973e+01
2.451176396701453086e+01
2.624175902106100011e+01
2.956929606970061286e+01
3.398205099922976302e+01
2.019213388561036027e+01
2.439717650209826161e+01
2.600556986897134948e+01
2.508622768036372008e+01
2.558499693560281685e+01
2.783700328444948013e+01
3.087868800638507594e+01
3.657127539320234177e+01
3.633638503163959399e+01
3.724477619439551290e+01
4.171384901512868737e+01
4.485243023810335217e+01
4.006747485767544958e+01
3.781571201470387678e+01
4.282990290705185998e+01
4.515844881892837748e+01
4.207733988322223695e+01
4.312050863802210188e+01
4.381279553460763054e+01
4.131985405885870932e+01
4.010602536011430175e+01
3.857441935029993374e+01
2.819152947098860906e+01
2.862887415722072149e+01
2.949602677803002848e+01
3.051429575682138307e+01
3.145442299179785550e+01
3.032547709282218307e+01
3.009420727433186471e+01
2.908309306113517323e+01
2.885669799305614447e+01
2.859189006294608504e+01
2.744777868752062489e+01
2.843523476789527749e+01
2.783882860850091134e+01
2.735195708237996826e+01
2.852009881563370897e+01
2.775065490227548537e+01
2.814012138368182292e+01
2.782145334077861776e+01
2.836260369585103547e+01
2.798806687705306473e+01
2.731049191613985272e+01
2.675425465153278992e+01
4.287210874854267217e+01
4.284310183218366319e+01
4.098468391859204019e+01
4.098622103481440604e+01
5.031596706889513371e+01
4.095498652331536960e+01
4.424210451071667194e+01
4.032612238653759817e+01
4.648739873491183516e+01
4.011896801254744105e+01
4.135635552255448033e+01
3.837891690461083272e+01
3.493783902864436186e+01
3.205638066457333935e+01
2.858865629176307266e+01
2.578854917317562467e+01
3.295542521521144863e+01
2.641285018805979234e+01
3.064732678958068846e+01
3.743408157574103257e+01
4.897408945229653909e+01
4.006866135316832356e+01
8.904373776590034595e+01
7.299265949302281342e+01
7.471905994662648709e+01
7.389821172771092961e+01
6.911891298053980393e+01
5.905859769413495997e+01
6.475343923410605385e+01
6.416604910408338469e+01
7.267630102042502926e+01
6.940307747289779172e+01
7.369561582869891936e+01
6.408991085860094472e+01
7.448423579540133233e+01
5.967434167609724227e+01
5.398551866515390429e+01
6.244180500599199490e+01
6.145827013789357807e+01
5.774457022112216009e+01
6.361718011634231118e+01
6.017049610798892445e+01
7.063633201810802120e+01
6.492097194032034224e+01
1.009042704573641913e+02
1.080986846351788699e+02
1.075769877118068507e+02
1.080699415977323952e+02
1.142766995800297991e+02
1.061253913044288311e+02
1.126120081851240684e+02
1.004412905689878244e+02
1.095591350663517005e+02
1.054846920472596139e+02
9.336328113923137551e+01
1.097273519945838416e+02
1.167204228458899706e+02
1.197644213058174500e+02
1.025417196178887025e+02
9.942196433353615248e+01
1.094769615350082859e+02
1.129736406123561210e+02
1.219444095839480724e+02
1.088793990563704028e+02
1.072093139768367109e+02
1.171981893349584425e+02
1.394661167348974686e+02
1.329029843421828900e+02
1.292939984693807673e+02
1.277767908878433900e+02
1.356444402322222231e+02
1.325126881111011699e+02
1.214793047395203303e+02
1.150924610058910389e+02
1.131963469339473249e+02
1.057801626842226597e+02
1.067906759779639287e+02
1.173256862950426296e+02
1.341443453769975349e+02
1.457640398343737616e+02
1.413887032417501359e+02
1.632245276904741331e+02
1.539054598493407866e+02
1.529388494017989615e+02
1.510778214329898219e+02
1.571834874576702532e+02
1.567540002897103477e+02
1.772310384535385310e+02
1.476578084726993438e+02
1.334804497566365171e+02
1.303590378480107574e+02
1.280217814706857098e+02
1.402924599835058643e+02
1.352859289827717930e+02
1.410662746781850956e+02
1.438243305862029047e+02
1.428092894603663581e+02
1.633970515898495250e+02
1.478076579244868753e+02
1.477239821150830039e+02
1.499030810585095423e+02
1.493275853585116124e+02
1.624659663405607262e+02
1.714009633144412419e+02
1.805141222282868512e+02
1.561296988648946353e+02
1.624952245627168850e+02
1.635383123158915168e+02
1.487966766522395972e+02
1.656054879048424482e+02
1.541992472742474547e+02
1.641654251814854888e+02
1.619047608008598900e+02
1.556027732298412047e+02
1.581920438239761779e+02
1.492821916108910045e+02
1.534769618051898306e+02
1.514228193345138607e+02
1.662457175291331168e+02
1.603141629700374438e+02
1.500172013622727718e+02
1.638333435316465057e+02
1.468254382517061458e+02
1.384337667742920530e+02
1.369649551975699069e+02
1.387910943432921158e+02
1.467304624177413643e+02
1.521944344104229003e+02
1.523107270927134778e+02
1.580982197911997105e+02
1.532236516349807971e+02
1.579331297775817120e+02
1.153693614024939507e+02
1.218977529758544733e+02
1.273532203216379912e+02
1.225974584949590280e+02
1.306498133470814764e+02
1.490799577870177473e+02
1.477470801649118357e+02
1.548918043762527077e+02
1.365466939452917359e+02
1.498260197016405186e+02
1.387101525413618788e+02
1.412318429755763418e+02
1.249752581004615877e+02
1.364509377931765357e+02
1.387893485602184001e+02
1.430814349066512534e+02
1.352989342628314944e+02
1.577843350461401997e+02
1.379807906444484047e+02
1.411903058179513835e+02
1.094478480268076055e+02
1.185047699468789233e+02
8.980428345985728811e+01
9.607192074530757964e+01
9.935451417114109063e+01
9.605712063260853029e+01
9.835495656663624686e+01
9.479457687935791910e+01
9.372910499356748915e+01
1.032915698411488847e+02
9.905905479806278890e+01
9.069605582266831334e+01
9.996424668880536046e+01
1.272162991986158431e+02
1.135081492451354279e+02
1.116879041438824061e+02
1.091096082091326025e+02
1.343784796744057530e+02
1.097375679022729855e+02
1.119648923500676574e+02
9.463743624054131942e+01
1.043979875532249935e+02
7.734137877648208814e+01
8.278786498149202089e+01
7.436308420819932508e+01
6.514906148315185419e+01
7.239125469997816253e+01
6.888643994961876160e+01
6.224515687685288867e+01
8.818153963143618057e+01
8.140790174358198783e+01
8.388215352890756549e+01
6.862402608125739789e+01
7.747275079733299208e+01
9.034343344430931211e+01
1.109579621323537140e+02
1.092908873945602863e+02
8.297573385779151067e+01
8.128527216184420467e+01
7.905841994161346520e+01
7.518861160428787116e+01
5.682726186644504196e+01
8.233490139201330749e+01
9.052028268472145101e+01
9.117577779386306247e+01
6.722644144886089634e+01
5.156337221051262532e+01
4.656456623254189253e+01
4.669528761356662017e+01
4.850439157982509641e+01
5.837088027029930970e+01
6.640386006873728775e+01
5.722812505401580552e+01
5.089753496219191220e+01
4.921129257807410795e+01
5.227038581800644579e+01
5.346307929031911499e+01
6.662153265094093513e+01
5.573006767813910756e+01
5.732990395510358894e+01
5.902952698313416136e+01
4.876432091714480066e+01
4.691342858494795109e+01
4.649847820598938597e+01
3.738598579436643377e+01
3.194274648752571011e+01
3.000251639976841034e+01
3.441821756396211640e+01
3.261757684993904149e+01
4.123597115816090763e+01
3.921049976251305225e+01
3.461115316999007518e+01
3.347981175459403858e+01
3.721276878587354986e+01
3.552527681319952535e+01
3.146417952135288942e+01
2.907879770018462295e+01
3.049966729192556159e+01
3.418179610050651718e+01
3.289518157059001169e+01
3.049494946590380096e+01
3.082364753821730119e+01
2.313203831200235072e+01
2.188390789412915183e+01
2.316655283727095593e+01
2.413523242865858265e+01
2.565094593726735184e+01
3.236459299682019264e+01
2.966961157335072130e+01
2.483611094799152852e+01
2.654774717077850710e+01
2.629944338102768597e+01
2.687619348002237984e+01
2.729050993091186683e+01
2.684131934019683285e+01
2.699510020301568147e+01
3.318671319165380140e+01
2.880753394073474283e+01
2.519483691155892302e+01
3.054909103578688701e+01
2.719160011734993532e+01
2.280385284244425748e+01
2.237738653899009478e+01
2.621595266952874681e+01
2.678637707106895505e+01
2.454130278192587866e+01
2.503665157166005883e+01
2.531809705642353947e+01
2.439641238998683548e+01
2.515939086758885423e+01
2.428938865955979054e+01
2.740859076082324464e+01
2.169247767333718002e+01
2.246246337976486984e+01
2.691021748739491670e+01
2.698566257536251101e+01
2.649662620741578678e+01
2.900507594598451533e+01
2.981677855824753465e+01
3.009148660484953552e+01
2.635090576805137630e+01
2.725421799047727234e+01
3.097045373745825714e+01
2.931475866624557725e+01
2.837440402314822663e+01
3.174786874867780284e+01
3.431769928688839855e+01
3.272018836989016677e+01
2.881452861299849033e+01
3.142292259920887432e+01
2.948928178738633221e+01
3.017587194873149059e+01
2.797640584414347842e+01
3.103404794695896385e+01
3.008020047852609480e+01
2.796122682464989140e+01
2.955916577373471910e+01
2.702347198763701641e+01
2.821554269913752933e+01
2.831768569802212809e+01
2.679746852026683257e+01
2.821253939932294941e+01
2.608063416168781146e+01
2.648793373313901611e+01
2.643325043532962582e+01
2.764364163342771619e+01
2.939894290626371287e+01
2.616020754915551549e+01
2.874157663405240370e+01
2.685459711707099473e+01
2.628091481414540453e+01
2.564714862849511690e+01
2.674113329856397314e+01
2.855723542061927134e+01
2.837631596045407534e+01
3.091852754009158843e+01
3.434911562518510664e+01
3.402221265519133908e+01
3.468140937631488896e+01
3.138245577581159296e+01
3.308039348662353518e+01
3.275989191279192880e+01
3.496524419292887842e+01
3.232916993595001998e+01
3.086394650702924025e+01
3.325262565709851970e+01
3.426439996268572941e+01
3.554682280819304196e+01
3.361305775498249204e+01
3.262784280485658428e+01
3.353085970491414969e+01
3.069135621142245895e+01
3.157367565909793683e+01
3.142659287046438266e+01
3.185594432870829706e+01
2.992518684816289465e+01
3.016293464234422572e+01
3.186309582312965460e+01
3.774363780013615610e+01
3.713484691479710875e+01
3.592688646686885079e+01
3.561185517301883863e+01
3.858757996595244322e+01
3.632945380115501166e+01
3.852456301547044859e+01
3.715607314354758728e+01
3.708249670642297247e+01
3.570114321625410980e+01
3.471306107356036819e+01
3.571176695467227802e+01
3.491528682094326541e+01
3.714852587758610980e+01
3.862782763003485798e+01
3.919442475670172144e+01
3.885086783991840775e+01
3.748958188113013534e+01
3.783591092875821005e+01
3.941762791368955732e+01
3.970759255644293262e+01
4.067809197575832059e+01
4.330813218332063030e+01
4.851288114513749861e+01
4.531871880374947636e+01
4.152793121894899286e+01
4.215281844136484324e+01
4.346506682872669103e+01
4.648766356927635002e+01
4.043277045506323475e+01
4.492347275417540686e+01
4.561867534872274632e+01
4.657482627822105314e+01
4.073128073623212231e+01
3.660093899790899741e+01
4.159070970536015466e+01
4.800340633686093383e+01
5.330361158644097941e+01
5.881526362153306309e+01
6.401753691775797961e+01
6.458027059519440627e+01
5.667355558199244570e+01
5.712489523915201062e+01
5.448566222272984305e+01
5.729057057047300106e+01
5.354989649161862530e+01
4.848234810104014514e+01
5.052334618017295043e+01
5.018933443190928756e+01
4.697216566205395338e+01
4.975016989977615367e+01
4.595595755695524076e+01
5.266501280094826143e+01
4.793093315464869875e+01
5.204217437091625698e+01
5.190667268366408393e+01
4.705836847798519784e+01
4.641049378936241965e+01
4.490561694316835428e+01
4.674626190040027041e+01
4.581640179946401759e+01
4.658433802918449373e+01
5.867794178474756706e+01
5.949799169669518761e+01
5.391605540321447165e+01
4.534268412759570310e+01
6.349890590857285133e+01
5.495911894026903610e+01
5.521095441689249128e+01
6.219300374229533190e+01
9.429238277345028507e+01
7.069594048856015434e+01
8.568105252948816997e+01
6.883045708005738561e+01
7.467601930534010535e+01
8.269718253558494325e+01
9.887637616483380043e+01
1.149660822957553137e+02
1.150404959974921439e+02
1.280435760505934013e+02
1.167306219496817903e+02
9.444240080825291273e+01
1.150179137759660080e+02
1.052625898310227512e+02
1.303487023685329405e+02
1.354060095293616541e+02
1.234768221662279757e+02
9.778620543312166546e+01
8.811108103781316458e+01
7.631753850646782666e+01
6.402632536065630120e+01
8.665802244761425754e+01
1.380031030975852673e+02
1.455154690030826714e+02
1.915781029108275106e+02
1.458103298120529416e+02
1.805718105121281951e+02
1.138419903369191388e+02
9.864236705715757125e+01
1.018078738872261511e+02
9.713132137712545955e+01
1.200354082458504195e+02
1.685910878299350770e+02
1.546588515766443379e+02
1.456295251102123984e+02
8.861114100380700620e+01
7.646685814648844826e+01
6.752450737132039649e+01
7.803058161247645330e+01
7.628273306993878577e+01
1.112702654032873397e+02
9.463784480104368413e+01
8.310620246480539208e+01
7.994071243742291699e+01
8.824501362841692753e+01
8.976843468662264058e+01
1.160894499985279253e+02
1.225605930613610326e+02
1.665086417138227262e+02
1.184968760405845387e+02
1.060144764392371144e+02
7.970434535987442359e+01
7.657637986474583158e+01
6.883671290128404507e+01
8.864477128544240259e+01
1.114919306200226856e+02
1.494441855134355137e+02
1.601322509463388997e+02
1.545883915414106013e+02
1.576817572344371001e+02
1.361186717515738565e+02
1.151651749836455565e+02
1.018305502795465145e+02
1.096273997707339731e+02
1.124106498331866533e+02
9.160765270525189408e+01
1.143246417002933413e+02
9.614721379053207784e+01
6.620005002693687857e+01
8.714712941729885642e+01
9.183776455765837454e+01
1.177559272993175910e+02
9.200187349755196919e+01
1.051736311003105584e+02
1.026614169703043444e+02
9.413749901867959125e+01
7.512608052938958281e+01
6.725365989643250941e+01
9.746508223212458688e+01
1.173415368746827880e+02
1.136450959866601806e+02
1.205871281609358903e+02
6.672167284770694096e+01
5.837826790711915237e+01
7.771636418018715631e+01
9.709785880546337467e+01
1.010161056018855561e+02
7.340122663661600200e+01
7.837913970126510321e+01
8.434508583425622419e+01
1.395012864962444610e+02
8.952400146731542918e+01
5.674376881952866825e+01
9.209997669452206992e+01
5.756088603938860615e+01
5.331388274773416924e+01
7.061967234403482507e+01
1.239420243783305580e+02
9.945341971008360815e+01
7.658630980142288536e+01
4.076161148746587060e+01
2.806277240071585766e+01
-2.006600928407351603e+00
3.183504040725983941e+01
3.885655667334503960e+00
2.738095018706917472e+01
4.944824365255715293e+01
5.737668120071137423e+01
4.566616923210966661e+01
3.915348542857816483e+01
3.022066598908293145e+01
2.611727964354736287e+01
3.778644112680342459e+01
2.964141497804462233e+01
2.498725848314256837e+01
4.496215659641626416e+01
5.578965370659052780e+01
4.870658139015742449e+01
2.996062811077899823e+01
3.075344282457967893e+01
2.555384547376479532e+01
1.755414982739034713e+01
1.382654922396841357e+01
2.495618922967832987e+01
2.111818288383324216e+01
1.811290607764499327e+01
1.420114196832309972e+01
2.486761092773372184e+01
2.379925338998214102e+01
1.808827741278582835e+01
1.318877562018133176e+01
2.122441067293061678e+01
2.038356288936802230e+01
1.946510913453948888e+01
1.677527339144307916e+01
1.060673206850742645e+01
6.196254559509270621e+00
5.437118622677644453e+00
-4.063164377798784699e+00
1.774620681823307677e+00
2.547810947424750339e+00
-2.961791642201205832e-01
-8.778578155647664971e-01
8.390072706952196313e-01
7.607605185030479333e+00
9.677339680811201106e+00
1.219779510050966564e+01
1.121095674560638145e+01
6.690761120014940389e+00
1.353113668428841265e+01
6.690311472540543036e+00
7.461906364346305054e+00
7.597246728045774944e+00
7.613946747207592125e+00
7.288649816286124405e+00
6.737615191927034175e+00
8.598946641332986474e+00
1.006838030725793942e+01
1.266282279547340295e+01
1.674392583247754374e+01
1.884673307817979548e+01
1.841959903436168133e+01
1.728741334433220800e+01
1.873492095922756562e+01
2.290568248663845452e+01
2.506170448516697746e+01
2.754285340656167591e+01
3.252842510084019523e+01
4.093580281800132070e+01
4.262697169343255155e+01
4.361919526095607580e+01
3.854441048012358806e+01
1.594276445448855384e+01
1.586705592940057841e+01
1.631960434715148267e+01
1.648853977268855431e+01
1.739187525599620443e+01
1.725715330258480407e+01
1.785339420414030087e+01
1.733803770389664578e+01
1.667373457578676721e+01
1.649333793002175952e+01
1.613650498456574667e+01
1.637354092338050293e+01
1.693701041409741848e+01
1.679642860029645846e+01
1.714827697280733787e+01
1.642674773837114799e+01
1.676974757665227855e+01
1.614864888150850675e+01
1.602398946100778687e+01
1.642365052167039607e+01
1.587947373119106942e+01
1.669186078139171059e+01
1.596577882147020944e+01
1.582022863232954535e+01
1.583775412789916004e+01
1.555364452875136294e+01
1.587863615724143074e+01
1.551521956479473374e+01
1.560879304984905502e+01
1.566389487219699106e+01
1.551915487080717071e+01
1.549148199767000733e+01
1.543722042094839253e+01
1.583215383367080165e+01
1.632077485892504498e+01
1.655890428829178518e+01
1.619792864186533166e+01
1.610466986371545772e+01
1.597955902989949095e+01
1.557490616135095252e+01
1.565622290764569868e+01
1.603693019814102882e+01
1.621275203399030573e+01
1.665668371876258647e+01
1.664826280890371279e+01
1.679506341498233013e+01
1.641741142450221247e+01
1.606085894554027504e+01
1.598450514975037606e+01
1.576178106073174945e+01
1.625694547792028288e+01
1.603906966109185817e+01
1.623088291040822639e+01
1.675536519952964198e+01
1.693090212738717781e+01
1.662394564666200836e+01
1.618474722977322955e+01
1.635766396757102825e+01
1.632292778504173469e+01
1.660297670010358217e+01
1.659032903249788760e+01
1.631402067476727780e+01
1.705665114089300616e+01
1.708876954478083121e+01
1.676620989945140039e+01
1.693126705559713585e+01
1.839230662158324492e+01
1.907073158581232519e+01
1.863988453449405824e+01
1.848380700167474799e+01
1.848648826434379089e+01
1.898850081061650030e+01
1.956032505789954712e+01
2.020758800006944966e+01
2.051997556170309167e+01
1.942006472458608357e+01
1.917910399869650462e+01
1.856629273183970241e+01
1.855179848319939850e+01
1.853017922276547580e+01
1.877726290792304553e+01
1.942984762781456709e+01
1.984276772617141660e+01
2.009715170737894141e+01
1.995580526329052873e+01
1.971710033934965622e+01
1.960565048228025375e+01
1.913963293815456268e+01
2.307214614782679973e+01
2.238644559018142388e+01
2.233989691422252122e+01
2.228911445778656741e+01
2.220953058758010457e+01
2.242514441637260347e+01
2.254690092857217110e+01
2.296967158026799893e+01
2.308461551771728182e+01
2.292502725392193952e+01
2.219476944921619577e+01
2.137436887116625428e+01
2.140869172336359583e+01
2.041110510974750625e+01
2.041647452768969373e+01
1.965382665835316089e+01
1.913955648766561524e+01
1.958043423330889254e+01
1.898346231019462493e+01
2.022738420896174460e+01
2.130952430953031751e+01
2.385345220469451988e+01
2.665320849902764166e+01
2.545498101284624681e+01
2.429437566986635488e+01
2.275925306290500316e+01
2.261081037639469571e+01
2.113881734323263117e+01
2.155163648747173966e+01
2.271504329290002033e+01
2.288204452210001705e+01
2.380037452251515617e+01
2.210672173449552247e+01
2.212097353332652006e+01
2.203854857929513855e+01
2.202613348596440801e+01
2.263926684604972195e+01
2.247502075552334588e+01
2.323414839760674511e+01
2.369026605016681231e+01
2.390700377955060318e+01
2.237110760174107327e+01
2.125340917260081142e+01
2.190710631600862257e+01
2.610588025634638143e+01
2.535715363953454471e+01
2.662199404410142733e+01
2.847488980737266573e+01
3.112030002323859890e+01
2.933779998607090533e+01
2.788967323554221878e+01
2.618089161008396104e+01
2.504387774032079506e+01
2.449983471117843692e+01
2.612550218831995608e+01
2.884052150423854144e+01
2.812788606636151201e+01
2.764975041876593309e+01
2.608722124523535513e+01
2.402523146195119352e+01
2.396608320117945823e+01
2.524293803951093196e+01
2.630410495555435091e+01
2.722084977073490109e+01
2.887730388471940302e+01
2.746181474369596742e+01
3.058969785860847423e+01
2.559984835790407942e+01
2.462699226120514595e+01
2.823889794608501802e+01
2.874838219767468672e+01
2.971191216395673962e+01
2.821572480908443481e+01
3.011924585513352781e+01
2.780114496182233097e+01
2.792365634202349156e+01
2.585409707145021230e+01
2.544839864466473500e+01
2.839213879521275885e+01
2.790517261046500153e+01
3.390257209292263951e+01
3.399076546380646846e+01
3.228988592303760186e+01
3.040950618871822542e+01
2.512062005378658114e+01
2.852806428598367461e+01
2.785535979294473918e+01
3.235607404792143882e+01
3.535957917045288923e+01
3.306220601343005683e+01
2.635218676880901967e+01
2.127167003011368251e+01
2.037181850868273614e+01
2.072164803928535548e+01
2.354060492962219087e+01
2.791124832412248225e+01
2.865240985249238292e+01
2.879220562175245846e+01
2.406252384834044733e+01
2.220010200156184510e+01
2.063084317774610099e+01
1.944433059822813448e+01
2.236446875685373925e+01
2.092809988640760821e+01
2.383208594896109389e+01
2.818240942713782715e+01
3.400087876185574487e+01
3.041976814188709710e+01
2.288904825529277787e+01
2.336087457822293345e+01
2.404555789318010284e+01
2.004066059551814760e+01
2.261137915104700369e+01
2.684817608001489475e+01
2.912487575200094980e+01
2.669129551520268251e+01
2.031325392179132905e+01
2.394706813453467475e+01
2.521006947227391493e+01
2.704011110422666775e+01
2.899563666749501323e+01
2.874501530950468364e+01
3.083946725954294266e+01
2.662292201674466696e+01
2.212094503542084567e+01
2.344602073353451033e+01
2.312082389332658749e+01
1.564241711974750615e+01
1.483170360751842054e+01
1.509819755270291353e+01
1.715075652677910512e+01
1.822409664851807065e+01
2.869779495972508698e+01
2.434903423820759372e+01
2.342454201941383474e+01
1.941727524236597446e+01
2.112164328554877102e+01
2.677317705278690596e+01
2.669709549950658811e+01
2.520321778663075207e+01
2.175655868315723751e+01
2.270467823735694424e+01
1.831534751194806176e+01
1.640482808544584259e+01
2.175508220620065458e+01
1.749364958541229953e+01
1.365254842548131364e+01
1.547535744317212902e+01
1.851234864427914317e+01
1.792950953403624226e+01
1.586661732642915013e+01
1.686851413589772619e+01
1.770190220399302916e+01
2.050345627981710095e+01
1.674749325846130432e+01
1.483988231219586851e+01
1.805426623763636940e+01
1.768227252416087936e+01
1.646087673417343922e+01
2.084280130191703506e+01
2.213970588373364023e+01
2.346638412038118560e+01
2.671105235586169613e+01
2.955409916233415402e+01
3.316378389476892607e+01
2.951914826192935948e+01
2.965431229603896668e+01
3.003820644089032044e+01
3.130774515456278095e+01
3.056160945032300447e+01
2.992502699488397866e+01
2.734928402594712793e+01
2.710077983792045586e+01
2.921242313384522049e+01
3.173151095323817117e+01
3.077103874851516707e+01
2.846326822460514450e+01
2.795914766172091959e+01
2.856486545417635625e+01
2.805123710207189447e+01
2.821154264261741673e+01
2.851896602873284792e+01
2.795131575409641300e+01
2.744714422629081696e+01
2.725705818335742947e+01
2.816141968559057318e+01
2.822432887707205396e+01
2.785778379784230196e+01
2.854272462330607141e+01
2.808471032595559791e+01
2.869042424388484847e+01
2.763496247924342697e+01
2.741728742554113296e+01
2.546471883639946299e+01
2.400797973390939788e+01
2.558079606444959353e+01
2.383995747838328683e+01
2.400967148616046742e+01
3.009807948179170012e+01
3.238420929101653201e+01
3.401920812076650691e+01
3.153570063737763007e+01
3.397845079170986082e+01
3.011226362976148607e+01
2.922897805164299712e+01
2.737623782821696139e+01
2.695543381962863805e+01
2.968048866241501571e+01
2.799690910873956540e+01
2.835771528950846232e+01
2.645595217950400269e+01
3.008714024372360996e+01
3.057388529345723782e+01
2.877856917548287186e+01
2.962841166112158930e+01
2.832768771135722830e+01
2.937890131654893366e+01
3.030292332639467645e+01
2.804006980196590604e+01
2.849640367052228385e+01
2.551157909427837467e+01
2.814781449184062012e+01
2.745189063174771604e+01
2.996539995651863109e+01
3.104464456550269347e+01
2.718936289430936881e+01
3.159262113561177898e+01
2.754797990266028762e+01
2.811801976593814345e+01
3.003955652235605100e+01
2.761635394319975489e+01
2.852147858844613282e+01
2.967664627806109934e+01
3.094096769566208138e+01
3.345572236115154396e+01
3.064769739192053066e+01
3.042284289740551628e+01
2.750676257851294082e+01
2.956733161061060855e+01
2.923996334979198508e+01
2.936595591268859806e+01
3.431867091210585841e+01
2.966405374512804372e+01
2.669251266592689831e+01
2.939777911799319554e+01
2.859617843140165405e+01
2.817465215528835643e+01
2.743838033148458067e+01
2.789250184659616139e+01
2.728536784145953220e+01
2.400169482648573194e+01
2.321018576357511165e+01
2.315691653451006005e+01
2.442893480518245042e+01
2.820369745614152635e+01
2.773715929780388478e+01
3.268928686350908919e+01
2.867175862244729956e+01
2.851384219406520515e+01
2.741236631653387690e+01
2.777956086298638638e+01
2.805150364588962475e+01
2.717423710147693328e+01
2.623729957778445510e+01
2.811395887015351036e+01
2.959624916399479844e+01
2.885080095873490791e+01
2.600184453406109242e+01
3.019538964356888755e+01
2.783822925337608467e+01
2.533936897328021587e+01
2.759027970556780929e+01
3.046954589357119403e+01
3.016370068954347516e+01
3.079416879763357429e+01
2.924661621460381866e+01
3.226089257315379655e+01
2.964924384923688194e+01
3.133954121400529402e+01
2.877349185253387986e+01
3.078759009543591674e+01
3.271244135331016878e+01
2.992525953270069294e+01
3.290299503001097037e+01
3.718858999596068315e+01
4.325712843258042994e+01
