1.175000000000000000e+01
1.573000000000000043e+01
1.102999999999999936e+01
1.135999999999999766e+01
1.097000000000000064e+01
1.040000000000000036e+01
3.167000000000000171e+01
3.133999999999999631e+01
8.349999999999997868e+00
8.210000000000000853e+00
7.460000000000000853e+00
7.039999999999999147e+00
7.000000000000000000e+00
2.937000000000000099e+01
6.890000000000000568e+00
5.259999999999998010e+00
4.320000000000000284e+00
3.320000000000000284e+00
-8.700000000000009948e-01
-4.519999999999999574e+00
-8.167000000000000171e+01
-7.767000000000000171e+01
-6.246000000000000796e+01
-2.214000000000000057e+01
-5.789000000000000767e+01
-8.756000000000000227e+01
-3.971999999999999886e+01
-3.333700000000000045e+02
-5.068399999999999750e+02
-3.343999999999999773e+02
-5.049999999999997158e+00
5.868000000000000682e+01
-4.499999999999992895e-01
1.040000000000000036e+01
1.530000000000000426e+01
8.270000000000001350e+00
1.017999999999999972e+01
9.979999999999998650e+00
9.230000000000000426e+00
9.949999999999999289e+00
9.910000000000001918e+00
1.164000000000000234e+01
1.301000000000000156e+01
1.115000000000000036e+01
1.476999999999999780e+01
1.355000000000000071e+01
7.960000000000000853e+00
8.480000000000000426e+00
8.820000000000000284e+00
9.060000000000000497e+00
8.299999999999998934e+00
9.259999999999999787e+00
7.389999999999998792e+00
8.339999999999998082e+00
8.110000000000001208e+00
8.810000000000000497e+00
9.109999999999997655e+00
1.078999999999999915e+01
9.970000000000000639e+00
1.826000000000000156e+01
1.099000000000000021e+01
1.208000000000000185e+01
1.095999999999999908e+01
9.929999999999997939e+00
2.449999999999999289e+00
-8.049999999999997158e+00
-1.054000000000000270e+01
-2.707000000000000028e+01
-4.690000000000000568e+01
-7.965000000000000568e+01
4.600000000000001421e+00
5.119999999999997442e+00
4.899999999999948841e-01
1.289999999999999147e+00
1.490000000000001990e+00
-4.739999999999998437e+00
-5.269999999999999574e+00
-6.439999999999997726e+00
-2.099999999999997868e+00
2.070000000000000284e+00
1.299999999999990052e-01
-1.350000000000001421e+00
-3.679999999999999716e+00
1.699999999999999289e+00
4.259999999999998010e+00
5.660000000000000142e+00
2.155000000000000426e+01
1.361000000000000298e+01
4.369999999999997442e+00
1.660000000000000142e+00
-4.620000000000000995e+00
5.030000000000001137e+00
2.217000000000000171e+01
8.210000000000000853e+00
6.969999999999998863e+00
7.490000000000001990e+00
4.320000000000000284e+00
4.049999999999997158e+00
3.350000000000001421e+00
5.110000000000001208e+00
3.109999999999999432e+00
5.529999999999997584e+00
6.299999999999998934e+00
6.570000000000000284e+00
5.949999999999999289e+00
4.040000000000000924e+00
6.889999999999998792e+00
3.339999999999999858e+00
3.650000000000000355e+00
3.129999999999999005e+00
4.169999999999999929e+00
4.349999999999999645e+00
4.480000000000000426e+00
3.679999999999999716e+00
5.350000000000001421e+00
5.300000000000000711e+00
7.599999999999997868e+00
5.210000000000000853e+00
7.359999999999999432e+00
5.300000000000002487e+00
8.349999999999997868e+00
1.645999999999999730e+01
1.182299999999999898e+02
2.308999999999999986e+01
4.245000000000000284e+01
1.545200000000000102e+02
1.596999999999999886e+01
1.505900000000000034e+02
1.158999999999999631e+01
1.255000000000000426e+01
1.021999999999999886e+01
1.146000000000000085e+01
-5.999999999999872102e-02
-9.499999999999992895e-01
1.523000000000000043e+01
1.563100000000000023e+02
1.072500000000000000e+02
7.769999999999999574e+00
2.748999999999999844e+01
1.527999999999999758e+01
1.401999999999999957e+01
1.185999999999999943e+01
9.549999999999998934e+00
7.880000000000000782e+00
8.299999999999998934e+00
8.230000000000000426e+00
7.400000000000002132e+00
7.700000000000001066e+00
7.359999999999999432e+00
6.650000000000000355e+00
6.570000000000000284e+00
1.735999999999999943e+01
1.696000000000000085e+01
1.772999999999999687e+01
1.341999999999999993e+01
1.866000000000000014e+01
1.748000000000000043e+01
2.033999999999999631e+01
1.266000000000000014e+01
1.226999999999999957e+01
1.570200000000000102e+02
9.654999999999999716e+01
2.636000000000000298e+01
2.899000000000000199e+01
3.932999999999999829e+01
4.382999999999999829e+01
2.293999999999999773e+01
1.100000000000000000e+01
1.087999999999999545e+01
-1.859999999999999787e+01
2.189999999999997726e+00
-3.150000000000002132e+00
-7.400000000000002132e+00
-3.750000000000000000e+00
2.043500000000000227e+02
2.399999999999984368e-01
9.590000000000001634e+00
6.380000000000002558e+00
1.913000000000000256e+01
2.890000000000000568e+00
1.870000000000000995e+00
4.870000000000000995e+00
2.750000000000000000e+00
8.999999999999985789e-02
2.379999999999999005e+00
1.750000000000000000e+00
-5.989999999999998437e+00
-7.539999999999999147e+00
1.399999999999998579e+00
2.210000000000000853e+00
1.038000000000000078e+01
1.237999999999999901e+01
8.170000000000001705e+00
2.300000000000000711e+00
5.080000000000001847e+00
3.509999999999998010e+00
5.669999999999999929e+00
4.309999999999998721e+00
4.480000000000000426e+00
5.170000000000001705e+00
5.419999999999998153e+00
4.800000000000000711e+00
5.270000000000001350e+00
4.250000000000000000e+00
4.280000000000001137e+00
4.100000000000001421e+00
2.599999999999999645e+00
3.939999999999999503e+00
4.880000000000000782e+00
4.720000000000002416e+00
5.169999999999998153e+00
3.790000000000000924e+00
9.100000000000001421e-01
-8.259999999999998010e+00
-1.980000000000000426e+00
-7.759999999999998010e+00
-1.185000000000000142e+01
-3.790000000000000568e+01
-1.346999999999999886e+01
-1.077999999999999758e+01
-3.088000000000000256e+01
-1.130000000000000426e+01
2.465899999999999750e+02
2.229000000000000057e+02
2.224799999999999898e+02
2.115000000000000000e+02
1.332999999999999829e+02
1.311899999999999977e+02
3.155999999999999872e+01
3.581000000000000227e+01
3.579999999999998295e+00
1.760000000000001563e+00
6.120000000000000995e+00
-9.100000000000001421e-01
4.409999999999998366e+00
3.030000000000001137e+00
1.799999999999997158e-01
3.900000000000002132e+00
4.629999999999999005e+00
2.360000000000002984e+00
2.419999999999998153e+00
-8.599999999999994316e-01
6.179999999999999716e+00
1.269999999999999574e+00
2.759999999999998010e+00
2.329999999999998295e+00
2.389999999999998792e+00
1.990000000000001990e+00
2.059999999999998721e+00
1.790000000000002700e+00
6.070000000000000284e+00
3.750000000000000000e+00
2.320000000000000284e+00
5.199999999999995737e-01
2.549999999999997158e+00
2.210000000000000853e+00
2.280000000000001137e+00
2.650000000000005684e+00
7.099999999999997868e+00
1.940000000000000213e+01
1.176000000000000156e+01
1.382999999999999829e+01
-2.480000000000003979e+00
-2.430999999999999517e+01
-2.231999999999999318e+01
8.599999999999994316e-01
1.541999999999999815e+01
8.670000000000001705e+00
-9.329999999999998295e+00
1.486000000000000298e+01
1.367000000000000171e+01
1.571000000000000441e+01
7.149999999999998579e+00
9.179999999999999716e+00
7.810000000000002274e+00
1.207000000000000384e+01
1.780000000000001137e+00
2.349999999999997868e+00
-3.640000000000000568e+00
-3.390000000000000568e+00
-2.020000000000003126e+00
2.400000000000019895e-01
1.800000000000000711e+00
-9.299999999999997158e-01
2.279999999999997584e+00
7.049999999999998934e+00
8.620000000000000995e+00
8.130000000000000782e+00
7.309999999999998721e+00
6.330000000000000071e+00
5.779999999999999361e+00
7.209999999999999076e+00
6.289999999999999147e+00
6.389999999999998792e+00
4.689999999999999503e+00
4.529999999999999361e+00
3.849999999999999645e+00
4.320000000000002061e+00
4.759999999999999787e+00
5.609999999999999432e+00
4.820000000000000284e+00
4.019999999999999574e+00
3.140000000000000568e+00
2.359999999999999432e+00
3.239999999999998437e+00
1.089999999999999858e+00
9.699999999999988631e-01
2.589999999999999858e+00
3.620000000000000995e+00
2.100000000000001421e+00
-5.629999999999999005e+00
3.539999999999999147e+00
1.609999999999999432e+00
2.559999999999998721e+00
-9.320000000000000284e+00
-5.200000000000002842e+00
-7.210000000000000853e+00
-1.153000000000000114e+01
1.359999999999999432e+00
4.660000000000000142e+00
1.349999999999997868e+00
-1.939999999999997726e+00
5.370000000000000995e+00
3.760000000000001563e+00
-2.139999999999997016e+00
9.519999999999999574e+00
-2.267999999999999972e+01
-6.975000000000000000e+01
-9.351999999999999602e+01
-4.465000000000000568e+01
-9.370000000000004547e+00
-1.336999999999999744e+01
-6.330000000000005400e+00
1.840000000000003411e+00
-8.179999999999999716e+00
2.100000000000008527e-01
9.679999999999996163e+00
1.148000000000000398e+01
1.383999999999999986e+01
1.219999999999999929e+01
1.564999999999999858e+01
1.582999999999999829e+01
6.540000000000002700e+00
8.209999999999997300e+00
8.279999999999997584e+00
8.299999999999997158e+00
6.000000000000000000e+00
4.820000000000000284e+00
3.649999999999998579e+00
4.239999999999998437e+00
5.829999999999998295e+00
7.339999999999999858e+00
3.780000000000001137e+00
5.000000000000000000e+00
-2.653000000000000114e+01
-6.756999999999999318e+01
-4.385999999999999943e+01
-8.286999999999999034e+01
-1.729999999999996874e+00
-6.483000000000001251e+01
-8.101999999999999602e+01
-3.039999999999999147e+00
-2.000000000000312639e-02
-4.769999999999999574e+00
-1.390000000000000568e+00
-4.250000000000000000e+00
1.699999999999981526e-01
-4.240000000000001990e+00
5.200000000000031264e-01
1.000000000000000000e+00
-2.720000000000002416e+00
3.300000000000018474e-01
3.799999999999990052e-01
-1.310000000000002274e+00
-2.509999999999998010e+00
-3.382000000000000028e+01
-5.469999999999998863e+00
-7.589999999999999858e+00
-3.950000000000002842e+00
-9.660000000000000142e+00
-9.049999999999997158e+00
-9.879999999999999005e+00
6.199999999999974420e-01
-4.929999999999999716e+00
-4.670000000000001705e+00
-7.730000000000000426e+00
1.719999999999998863e+00
4.010000000000001563e+00
4.929999999999999716e+00
5.630000000000000782e+00
5.889999999999998792e+00
4.839999999999999858e+00
4.609999999999999432e+00
4.500000000000000000e+00
5.980000000000000426e+00
3.620000000000000995e+00
-5.559999999999998721e+00
-5.339999999999999858e+00
-4.919999999999998153e+00
-4.250000000000000000e+00
-1.148999999999999844e+01
-6.800000000000000711e+00
1.480000000000000426e+00
3.379999999999999005e+00
-1.192000000000000171e+01
-8.008000000000001251e+01
-4.989999999999998437e+00
-4.089999999999999858e+00
-3.709999999999997300e+00
-4.020000000000003126e+00
-9.200000000000017053e-01
8.599999999999994316e-01
-2.725999999999999801e+01
-1.411000000000000298e+01
2.621999999999999886e+01
2.030000000000000071e+01
1.694999999999999574e+01
1.777999999999999758e+01
8.679999999999999716e+00
9.000000000000000000e+00
7.929999999999999716e+00
5.830000000000001847e+00
3.969999999999998863e+00
1.039999999999999858e+01
1.066999999999999993e+01
8.740000000000001990e+00
7.469999999999998863e+00
8.109999999999999432e+00
8.219999999999998863e+00
1.111000000000000121e+01
1.231000000000000227e+01
1.265000000000000036e+01
1.303999999999999915e+01
1.411000000000000121e+01
1.597000000000000064e+01
1.626999999999999957e+01
1.527000000000000135e+01
1.646999999999999886e+01
1.388000000000000078e+01
1.295000000000000107e+01
1.028000000000000114e+01
1.849000000000000199e+01
1.275999999999999979e+01
1.828999999999999915e+01
2.208999999999999986e+01
2.210999999999999943e+01
2.078999999999999915e+01
2.568999999999999773e+01
2.269000000000000128e+01
2.614000000000000057e+01
2.093999999999999773e+01
2.339999999999999858e+01
2.389000000000000057e+01
2.837999999999999545e+01
2.506000000000000227e+01
2.285999999999999943e+01
2.078000000000000114e+01
1.179999999999999716e+00
1.443000000000000327e+01
1.299999999999999645e+01
9.629999999999999005e+00
8.769999999999999574e+00
3.091999999999999815e+01
3.016000000000000014e+01
8.800000000000000711e+00
1.233000000000000007e+01
1.699000000000000199e+01
1.181000000000000050e+01
1.147000000000000064e+01
1.048000000000000043e+01
8.030000000000001137e+00
1.219999999999998863e+00
3.360000000000002984e+00
2.240000000000001990e+00
-2.890000000000000568e+00
-8.599999999999997868e+00
-5.740000000000001990e+00
-1.180000000000000071e+01
3.099999999999997868e+00
6.869999999999997442e+00
3.350000000000001421e+00
1.520000000000003126e+00
8.820000000000000284e+00
7.809999999999998721e+00
7.870000000000000995e+00
7.219999999999998863e+00
6.929999999999999716e+00
5.019999999999999574e+00
4.760000000000001563e+00
6.699999999999999289e+00
5.690000000000001279e+00
4.589999999999999858e+00
4.800000000000000711e+00
4.710000000000000853e+00
4.119999999999997442e+00
2.929999999999999716e+00
4.999999999999715783e-02
-7.500000000000000000e-01
4.070000000000000284e+00
-7.600000000000001421e+00
-1.607000000000000028e+01
-9.537999999999999545e+01
-3.910000000000000142e+00
7.540000000000002700e+00
9.739999999999998437e+00
1.005000000000000071e+01
1.809999999999998721e+00
-1.173999999999999844e+01
-7.410000000000000142e+00
-1.133000000000000185e+01
-1.105000000000000071e+01
3.359999999999999432e+00
5.640000000000000568e+00
-3.149999999999998579e+00
7.639999999999997016e+00
-2.750000000000000000e+00
4.899999999999984368e-01
3.960000000000000853e+00
8.440000000000001279e+00
1.940000000000000213e+01
1.801000000000000156e+01
1.735000000000000142e+01
1.480000000000000426e+01
1.752000000000000313e+01
1.791999999999999815e+01
2.632000000000000028e+01
2.196000000000000085e+01
2.310999999999999588e+01
2.025999999999999801e+01
3.197999999999999687e+01
1.998000000000000043e+01
1.927000000000000313e+01
1.808999999999999631e+01
2.323999999999999844e+01
2.223000000000000398e+01
2.175000000000000000e+01
2.266000000000000014e+01
2.296000000000000085e+01
2.403999999999999915e+01
2.262999999999999545e+01
2.435999999999999943e+01
2.439999999999999858e+01
1.660000000000000142e+01
1.675000000000000000e+01
1.569999999999999929e+01
1.617999999999999972e+01
1.208999999999999986e+01
1.036999999999999744e+01
1.129000000000000270e+01
-1.082000000000000028e+01
-2.170000000000001705e+00
8.299999999999982947e-01
4.129999999999995453e+00
-1.719999999999998863e+00
-2.329999999999998295e+00
-4.280000000000001137e+00
-3.650000000000002132e+00
-3.600000000000001421e+00
-2.379999999999995453e+00
-1.620000000000000995e+00
-4.039999999999999147e+00
1.109999999999999432e+00
-2.199999999999988631e-01
-4.239999999999998437e+00
-2.390000000000000568e+00
1.759999999999998010e+00
-3.030000000000001137e+00
4.350000000000001421e+00
3.949999999999999289e+00
3.910000000000000142e+00
3.200000000000002842e-01
-4.699999999999988631e-01
-1.560000000000002274e+00
-1.799999999999997158e-01
1.464999999999999858e+01
6.289999999999999147e+00
8.300000000000000711e+00
9.469999999999998863e+00
1.012000000000000099e+01
8.280000000000001137e+00
8.679999999999999716e+00
9.039999999999999147e+00
7.850000000000001421e+00
9.149999999999998579e+00
9.050000000000000711e+00
9.449999999999999289e+00
8.500000000000000000e+00
8.649999999999998579e+00
8.300000000000000711e+00
7.800000000000000711e+00
8.940000000000001279e+00
1.540000000000000213e+01
1.482999999999999829e+01
1.392000000000000171e+01
1.613999999999999702e+01
1.771000000000000085e+01
1.641000000000000369e+01
1.947999999999999687e+01
1.774000000000000199e+01
1.736999999999999744e+01
2.178000000000000114e+01
1.906000000000000227e+01
2.436999999999999744e+01
-3.649999999999998579e+00
-3.262500000000000000e+02
-6.380000000000000426e+01
-2.370000000000000284e+01
7.450000000000002842e+00
9.349999999999997868e+00
1.304000000000000270e+01
1.362000000000000099e+01
1.364999999999999858e+01
1.349999999999999645e+01
7.600000000000001421e+00
2.699000000000000199e+01
4.908000000000000540e+01
3.495000000000000284e+01
5.019999999999999574e+01
4.324000000000000199e+01
4.756000000000000227e+01
3.693999999999999773e+01
3.825000000000000000e+01
3.228000000000000114e+01
5.210999999999999943e+01
5.165999999999999659e+01
5.142999999999999261e+01
2.882000000000000384e+01
3.060999999999999943e+01
3.757000000000000028e+01
3.315000000000000568e+01
5.036000000000000654e+01
3.350000000000000000e+01
5.376999999999999602e+01
5.644000000000000483e+01
6.029999999999997584e+00
2.146000000000000085e+01
2.124000000000000199e+01
5.717999999999999261e+01
1.610000000000000142e+01
1.658999999999999631e+01
9.469999999999998863e+00
1.280000000000000426e+01
8.160000000000000142e+00
1.173000000000000043e+01
2.877999999999999758e+01
9.930000000000003268e+00
9.299999999999997158e+00
3.850000000000001421e+00
-1.599999999999994316e+00
1.399999999999998579e+00
1.795999999999999730e+01
7.149999999999998579e+00
5.710000000000000853e+00
8.230000000000000426e+00
1.435999999999999943e+01
1.137999999999999901e+01
8.279999999999997584e+00
1.026000000000000156e+01
1.150000000000000000e+01
1.412999999999999901e+01
1.003999999999999915e+01
1.110000000000000142e+01
1.341999999999999815e+01
9.610000000000002984e+00
1.154999999999999716e+01
1.150000000000000000e+01
4.373000000000000398e+01
3.445000000000000284e+01
6.149999999999998579e+00
3.110000000000002984e+00
1.083999999999999986e+01
1.039000000000000057e+01
9.679999999999999716e+00
9.169999999999998153e+00
9.750000000000000000e+00
9.699999999999999289e+00
8.940000000000001279e+00
1.041000000000000014e+01
9.329999999999998295e+00
8.629999999999999005e+00
7.609999999999999432e+00
6.689999999999997726e+00
6.469999999999998863e+00
-6.820000000000003837e+00
-5.059999999999998721e+00
-1.537999999999999901e+01
-2.899999999999991473e-01
4.750000000000000000e+00
-5.880000000000002558e+00
-1.948999999999999488e+01
-1.779999999999994031e+00
-6.029999999999994031e+00
1.227999999999999403e+01
-2.973000000000000398e+01
-3.524000000000000199e+01
9.479999999999996874e+00
1.271000000000000085e+01
-3.304999999999999716e+01
-8.443000000000000682e+01
-1.146499999999999915e+02
2.670000000000001705e+00
2.183999999999999631e+01
-2.095000000000000284e+01
1.192999999999999972e+01
1.945999999999999730e+01
1.548000000000000043e+01
1.619000000000000128e+01
1.385000000000000142e+01
1.099000000000000199e+01
1.429999999999999893e+01
2.692000000000000171e+01
2.661999999999999744e+01
1.640000000000000213e+01
1.433999999999999986e+01
2.452000000000000313e+01
2.586999999999999744e+01
2.133999999999999631e+01
2.363999999999999702e+01
6.919999999999998153e+00
1.166999999999999815e+01
7.260000000000001563e+00
5.039999999999999147e+00
7.279999999999997584e+00
1.965000000000000213e+01
8.349999999999997868e+00
2.055000000000000071e+01
1.090999999999999837e+01
1.124999999999999822e+01
1.892999999999999972e+01
2.514000000000000057e+01
1.646000000000000085e+01
3.998999999999999488e+01
3.970000000000000284e+01
3.975000000000000000e+01
1.821000000000000085e+01
1.832000000000000028e+01
2.086999999999999744e+01
2.077000000000000313e+01
1.309000000000000163e+01
1.692999999999999972e+01
1.555999999999999872e+01
1.569000000000000128e+01
7.510000000000001563e+00
-8.350000000000001421e+00
1.004999999999999716e+01
-4.450000000000002842e+00
2.535999999999999943e+01
-1.799999999999997158e-01
1.620000000000000995e+00
1.459999999999997300e+00
2.392000000000000171e+01
1.043000000000000327e+01
1.035000000000000142e+01
9.309999999999998721e+00
6.440000000000001279e+00
7.469999999999998863e+00
2.820000000000000284e+00
6.269999999999999574e+00
5.099999999999980105e-01
-2.390000000000000568e+00
-1.250000000000000000e+00
-3.960000000000000853e+00
-1.879999999999999005e+00
3.299999999999982947e-01
1.300000000000000711e+00
9.509999999999999787e+00
1.648000000000000398e+01
1.642000000000000171e+01
1.018999999999999773e+01
8.640000000000000568e+00
8.839999999999999858e+00
1.003999999999999915e+01
1.008000000000000007e+01
9.449999999999999289e+00
8.099999999999997868e+00
7.519999999999999574e+00
8.910000000000000142e+00
5.800000000000000711e+00
4.070000000000000284e+00
1.969999999999998863e+00
2.059999999999998721e+00
-7.439999999999997726e+00
-6.320000000000000284e+00
-7.050000000000004263e+00
-6.900000000000002132e+00
-7.030000000000001137e+01
-2.864999999999999858e+01
-8.319999999999996732e+00
-1.153999999999999915e+01
-6.765999999999999659e+01
-1.035999999999999943e+01
-6.280000000000001137e+00
-2.000000000000000000e+00
-2.769999999999996021e+00
-3.750000000000000000e+00
-6.657599999999999909e+02
-7.246999999999999886e+01
-4.099999999999999289e+01
4.970000000000005969e+00
2.890000000000000568e+00
8.410000000000000142e+00
3.670000000000001705e+00
-1.089999999999999858e+00
1.443999999999999773e+01
2.137999999999999901e+01
1.602000000000000313e+01
1.134999999999999787e+01
1.696999999999999886e+01
1.364999999999999858e+01
1.428999999999999915e+01
9.570000000000000284e+00
9.669999999999998153e+00
7.699999999999999289e+00
7.280000000000001137e+00
6.119999999999997442e+00
1.075999999999999801e+01
9.739999999999998437e+00
7.820000000000000284e+00
6.839999999999999858e+00
6.929999999999999716e+00
9.329999999999998295e+00
8.329999999999998295e+00
8.260000000000001563e+00
8.919999999999999929e+00
8.879999999999999005e+00
8.750000000000000000e+00
9.120000000000000995e+00
1.832000000000000028e+01
1.477000000000000135e+01
1.853000000000000114e+01
9.219999999999998863e+00
9.019999999999999574e+00
1.067999999999999794e+01
7.080000000000001847e+00
6.799999999999997158e-01
-1.131999999999999673e+01
2.829999999999998295e+00
1.888000000000000256e+01
1.594999999999999574e+01
1.332999999999999829e+01
3.590000000000003411e+00
-1.779999999999994031e+00
8.299999999999997158e+00
1.127000000000000313e+01
7.500000000000000000e+00
5.820000000000000284e+00
1.848999999999999844e+01
1.554000000000000270e+01
1.544999999999999929e+01
1.616000000000000369e+01
1.275999999999999801e+01
1.247999999999999687e+01
8.169999999999998153e+00
6.850000000000001421e+00
6.060000000000002274e+00
-1.210000000000000853e+00
6.389999999999997016e+00
8.660000000000000142e+00
-6.670000000000001705e+00
-6.570000000000000284e+00
-3.539999999999999147e+00
-4.969999999999998863e+00
6.949999999999999289e+00
1.051000000000000156e+01
1.175000000000000000e+01
1.067999999999999794e+01
6.449999999999999289e+00
8.260000000000001563e+00
8.950000000000001066e+00
1.007000000000000206e+01
1.060999999999999943e+01
5.650000000000002132e+00
6.740000000000001990e+00
8.449999999999999289e+00
7.919999999999999929e+00
5.799999999999997158e+00
5.169999999999998153e+00
5.480000000000000426e+00
8.639999999999998792e+00
5.660000000000000142e+00
-2.280000000000001137e+00
9.999999999998010480e-03
-1.679999999999999716e+00
-1.359999999999999432e+00
-5.849999999999997868e+00
-5.179999999999999716e+00
3.000000000000113687e-02
-1.000000000000014211e-01
2.320000000000000284e+00
3.000000000000113687e-02
3.309999999999995168e+00
3.029999999999997584e+00
5.499999999999971578e-01
-4.399999999999977263e-01
5.599999999999987210e-01
1.894999999999999929e+01
1.514999999999999858e+01
1.695000000000000284e+01
1.323199999999999932e+02
1.617000000000000171e+01
1.490999999999999659e+01
1.496999999999999531e+01
8.690000000000001279e+00
7.839999999999999858e+00
4.309999999999998721e+00
2.696999999999999886e+01
2.869999999999997442e+00
4.270000000000003126e+00
1.241000000000000369e+01
1.383999999999999986e+01
1.444999999999999574e+01
1.715999999999999659e+01
2.027999999999999758e+01
2.195000000000000284e+01
4.182999999999999829e+01
2.154999999999999716e+01
2.133000000000000185e+01
2.387999999999999901e+01
2.253000000000000114e+01
2.546000000000000085e+01
2.558000000000000185e+01
2.635999999999999943e+01
2.079500000000000171e+02
2.724000000000000199e+01
2.777000000000000313e+01
2.739000000000000412e+01
9.195999999999999375e+01
5.020000000000003126e+00
9.929999999999999716e+00
4.469999999999998863e+00
5.270000000000003126e+00
4.470000000000002416e+00
-2.546000000000000085e+01
-1.000000000000000000e+01
-6.000000000000014211e-01
-3.442999999999999261e+01
-7.640999999999999659e+01
-2.246000000000000085e+01
7.259999999999998010e+00
4.760000000000005116e+00
7.530000000000001137e+00
5.210000000000000853e+00
8.132000000000000739e+01
-2.359999999999999432e+00
-8.999999999999630518e-02
7.100000000000008527e-01
1.498000000000000043e+01
1.776999999999999957e+01
6.100000000000001421e+00
4.009999999999998010e+00
-3.109999999999999432e+00
-2.134000000000000341e+01
-1.990999999999999659e+01
-8.620000000000000995e+00
-4.479999999999996874e+00
-6.980000000000000426e+00
-1.842999999999999972e+01
-8.769999999999999574e+00
6.129999999999999005e+00
1.639999999999997016e+00
-9.600000000000008527e-01
-4.170000000000001705e+00
-2.420000000000001705e+00
-1.999999999999992895e-01
-4.269999999999999574e+00
-2.530000000000001137e+00
-2.150000000000002132e+00
-2.190000000000001279e+00
-2.960000000000000853e+00
9.600000000000008527e-01
-2.899999999999998579e+00
-1.729999999999996874e+00
-8.799999999999990052e-01
-3.920000000000001705e+00
-8.200000000000002842e-01
-1.079999999999998295e+00
-2.089999999999999858e+00
-1.839999999999999858e+00
4.339999999999999858e+00
3.480000000000000426e+00
1.490000000000001990e+00
5.300000000000011369e-01
5.230000000000000426e+00
5.589999999999999858e+00
5.720000000000002416e+00
9.800000000000004263e-01
3.999999999999985789e-01
6.700000000000017053e-01
-2.342999999999999972e+01
1.366999999999999815e+01
1.300000000000000000e+01
1.756999999999999673e+01
8.000000000000000000e+00
1.355999999999999872e+01
2.041000000000000369e+01
1.641000000000000014e+01
1.957000000000000028e+01
2.414999999999999858e+01
2.398000000000000398e+01
2.186000000000000298e+01
2.217000000000000171e+01
2.400000000000000000e+01
2.071999999999999886e+01
1.958000000000000185e+01
2.217999999999999972e+01
2.108999999999999986e+01
2.141000000000000369e+01
2.010999999999999943e+01
9.599999999999999645e+00
1.264999999999999858e+01
1.159999999999999964e+01
1.124000000000000021e+01
1.173999999999999844e+01
1.131000000000000227e+01
1.181000000000000050e+01
1.279999999999999893e+01
1.053999999999999915e+01
1.059000000000000163e+01
7.309999999999998721e+00
6.329999999999998295e+00
6.299999999999997158e+00
6.689999999999997726e+00
1.399999999999998579e+00
1.660000000000000142e+00
-1.149999999999998579e+00
-1.359999999999999432e+00
-3.149999999999998579e+00
-5.800000000000054001e-01
3.330000000000005400e+00
5.769999999999996021e+00
-1.917999999999999972e+01
-7.700000000000002842e+00
-2.729000000000000270e+01
-3.080999999999999517e+01
-1.305000000000000071e+01
-5.028000000000000114e+01
-3.817999999999999261e+01
-8.179999999999996163e+00
-2.330000000000001847e+00
-6.789999999999999147e+00
-4.769999999999999574e+00
-4.460000000000000853e+00
-5.200000000000031264e-01
-8.470000000000002416e+00
-8.500000000000000000e+00
-4.960000000000000853e+00
6.199999999999974420e-01
-2.208000000000000185e+01
-1.129000000000000270e+01
-7.310000000000002274e+00
1.039999999999999858e+01
7.960000000000000853e+00
-4.800000000000000711e+00
-5.440000000000001279e+00
1.932000000000000028e+01
2.640000000000000568e+00
-1.059999999999998721e+00
-1.910000000000000142e+00
1.758999999999999631e+01
1.730000000000000426e+00
1.600000000000001421e+00
-2.260000000000001563e+00
-2.490000000000001990e+00
-5.410000000000000142e+00
-5.589999999999999858e+00
-6.109999999999999432e+00
-5.830000000000001847e+00
-6.549999999999997158e+00
-9.670000000000001705e+00
-9.480000000000000426e+00
-1.004999999999999716e+01
-1.326000000000000156e+01
-2.661999999999999744e+01
-8.190000000000000568e+01
-2.019999999999999929e+01
-1.820000000000000284e+00
7.379999999999999005e+00
5.289999999999999147e+00
-3.119999999999997442e+00
7.750000000000000000e+00
-2.234999999999999432e+01
7.750000000000000000e+00
-8.830099999999999909e+02
-9.162799999999999727e+02
-3.284999999999999432e+01
-1.621999999999999886e+01
1.298999999999999844e+01
7.660000000000000142e+00
7.679999999999999716e+00
8.469999999999998863e+00
5.690000000000001279e+00
7.129999999999999005e+00
6.649999999999998579e+00
4.990000000000001990e+00
6.179999999999999716e+00
5.219999999999998863e+00
3.849999999999997868e+00
4.339999999999999858e+00
1.069999999999999929e+01
9.579999999999998295e+00
8.579999999999998295e+00
8.210000000000000853e+00
9.210000000000000853e+00
9.409999999999996589e+00
8.500000000000000000e+00
9.330000000000001847e+00
4.649999999999998579e+00
6.039999999999999147e+00
1.122999999999999865e+01
8.570000000000000284e+00
8.129999999999999005e+00
8.800000000000002487e+00
9.530000000000001137e+00
1.075999999999999979e+01
4.460000000000000853e+00
9.549999999999998934e+00
1.166000000000000192e+01
1.983999999999999986e+01
2.300000000000000000e+01
6.359999999999999432e+00
9.129999999999999005e+00
2.448000000000000398e+01
7.160000000000000142e+00
-1.621000000000000085e+01
6.140000000000000568e+00
1.500000000000000355e+01
4.227999999999999403e+01
1.939999999999999858e+01
4.600000000000008527e-01
6.029999999999994031e+00
1.488999999999999702e+01
8.109999999999999432e+00
5.769999999999996021e+00
1.080000000000000071e+01
1.957999999999999829e+01
1.360000000000000142e+01
8.610000000000002984e+00
7.369999999999997442e+00
1.895000000000000284e+01
9.350000000000001421e+00
1.608999999999999986e+01
1.247000000000000242e+01
4.350000000000001421e+00
-1.346000000000000085e+01
-5.936999999999999744e+01
1.279999999999997584e+00
3.700000000000002842e+00
3.979999999999996874e+00
2.100000000000001421e+00
-1.985999999999999943e+01
9.499999999999996447e+00
1.030000000000000426e+01
1.113000000000000256e+01
1.301000000000000156e+01
1.660000000000000142e+01
8.050000000000000711e+00
4.400000000000002132e+00
5.879999999999999005e+00
3.170000000000001705e+00
5.429999999999999716e+00
5.339999999999999858e+00
5.250000000000000000e+00
3.049999999999997158e+00
-7.400000000000019895e-01
-5.499999999999971578e-01
-7.400000000000019895e-01
-2.100000000000008527e-01
-1.969999999999998863e+00
3.000000000000113687e-02
3.939999999999997726e+00
9.029999999999999361e+00
1.157000000000000028e+01
1.272000000000000242e+01
7.610000000000002984e+00
1.630000000000002558e+00
-7.059999999999998721e+00
-5.062999999999999545e+01
-1.019600000000000080e+02
-3.985099999999999909e+02
-8.117300000000000182e+02
-3.685799999999999841e+02
-8.165999999999999659e+01
-9.320000000000000284e+00
3.660000000000000142e+00
8.469999999999998863e+00
4.589999999999999858e+00
2.242000000000000171e+01
2.630000000000000071e+01
2.337999999999999901e+01
8.269999999999999574e+00
2.012000000000000099e+01
1.640999999999999659e+01
1.622999999999999687e+01
1.535000000000000142e+01
